# Nhà - Làng tự động được thêm trong code (không cần trong đây)
# Đường đi từ map này đến map khác

# Trái đất
	42 0 1 2 3 4 5 6
	3 27 28 29 30
	2 24
	1 47 46 45 48 50 154 155
	5 29
	47 111
# Doanh trại
	53 58 59 60 61 62 55 56 54 57
	53 27
# Namec
	43 7 8 9 11 12 13 10
	11 31 32 33 34
	9 25
	13 33

# Xayda
	52 44 14 15 16 17 18 20 19
	17 35 36 37 38
	16 26
	20 37
	84 104
	104 84
# Nappa
	68 69 70 71 72 64 65 63 66 67 73 74 75 76 77 81 82 83 79 80

# Tương Lai
	102 92 93 94 96 97 98 99 100 103

# Map thánh địa bang hội
	153 156 157 158 159
# Cold
	109 108 107 110 106
	109 105
	109 106
	106 107
	108 105

# Yadat
	131 132 133

# Nappa - Cold
	80 105

# Khí Gas
	149 147 152 151 148
# Bản đồ kho báu
	135 138 136 137
# Ngọc rồng sao đen
	26 85
	26 86
	26 87
	26 88
	26 89
	26 90
	26 91